testV.asc
ncols        16
nrows        16
xllcorner    2.5
yllcorner    56.5
cellsize     0.5
NODATA_value  -9999
8.404336 8.794335 9.214335 8.764336 7.714336 7.1843357 6.624336 6.7243357 6.384336 5.7843356 5.3043356 5.174336 3.5243359 3.0043359 2.7643359 2.654336
6.6843357 8.814336 8.794335 8.8843355 8.194336 7.1643357 6.1443357 5.604336 5.3943357 4.864336 3.8943357 4.024336 3.984336 4.0343356 2.734336 2.144336
3.5243359 3.3643358 4.2443357 5.1643357 5.864336 5.924336 5.354336 4.654336 3.7743359 3.0743358 2.5643358 2.384336 2.644336 2.7643359 2.914336 2.484336
1.6143359 2.0143359 2.3743358 2.964336 3.164336 3.164336 2.704336 1.8743359 0.9843359 0.38433594 0.8443359 1.9543359 2.704336 2.674336 2.2543359 2.124336
3.224336 2.924336 2.704336 2.974336 3.174336 3.0943358 2.5043359 1.2143359 0.46433592 0.5343359 1.2843359 1.0043359 1.1543359 2.2743359 2.5043359 2.5043359
4.7243357 4.324336 4.174336 3.8243358 3.184336 3.0343359 2.964336 2.974336 0.7843359 1.2143359 0.9343359 1.0243359 0.9143359 1.164336 1.6343359 2.684336
5.774336 5.634336 5.234336 4.854336 4.714336 4.604336 2.8743358 2.0843358 2.414336 1.4743359 0.6143359 0.7143359 0.6643359 1.2043359 1.9243358 1.0943359
6.314336 6.104336 6.5143356 6.7443357 6.374336 5.9143357 4.9143357 3.8743358 1.9943359 2.214336 2.674336 3.2543359 2.3143358 0.9743359 1.1143359 1.4543359
7.314336 6.8443356 6.604336 6.754336 7.134336 7.194336 4.1443357 3.5143359 3.3943357 -0.31566405 0.21433593 1.2443359 2.6243358 1.6243359 1.044336 1.1243359
8.654336 8.214335 7.384336 7.3443356 7.9543357 6.8043356 5.714336 4.044336 4.044336 4.544336 2.244336 2.144336 1.4743359 1.7743359 1.5343359 1.2043359
09.184336 8.974336 8.684336 7.9143357 8.314336 8.334335 2.904336 3.214336 3.5643358 4.274336 4.654336 3.8343358 2.124336 1.7243359 1.9543359 1.164336
09.654336 9.224336 9.454336 9.414335 9.214335 9.834335 4.154336 3.6043358 3.1243358 3.3943357 1.5043359 2.724336 1.8343359 1.0943359 2.3443358 1.9243358
09.984336 10.084335 10.184336 10.114336 9.844336 9.754335 10.704336 9.614336 4.7243357 3.934336 3.434336 5.5743356 5.4943357 2.984336 3.494336 3.8343358
010.434336 10.3843355 10.364336 10.374335 10.094336 9.554336 9.4243355 10.314336 12.494336 9.964335 4.334336 3.714336 1.5943359 1.9943359 1.6243359 2.234336
010.944336 10.744336 10.694336 10.514336 9.984336 9.344336 9.024336 8.954336 9.044335 10.664335 12.194336 9.704336 6.3243356 4.304336 2.7543359 2.2543359
010.944336 11.014336 10.984336 10.484336 10.1343355 9.6343355 9.084335 9.334335 9.114336 9.494336 10.1343355 9.964335 10.1343355 9.554336 8.164336 6.8043356
