testdata0.json
[{"header":{"discipline":0,"disciplineName":"Meteorological products","gribEdition":2,"gribLength":318,"center":7,"centerName":"US National Weather Service - NCEP(WMC)","subcenter":0,"refTime":"2014-01-31T00:00:00.000Z","significanceOfRT":1,"significanceOfRTName":"Start of forecast","productStatus":0,"productStatusName":"Operational products","productType":1,"productTypeName":"Forecast products","productDefinitionTemplate":0,"productDefinitionTemplateName":"Analysis/forecast at horizontal level/layer at a point in time","parameterCategory":2,"parameterCategoryName":"Momentum","parameterNumber":2,"parameterNumberName":"U-component_of_wind","parameterUnit":"m.s-1","genProcessType":2,"genProcessTypeName":"Forecast","forecastTime":3,"surface1Type":103,"surface1TypeName":"Specified height level above ground","surface1Value":10,"surface2Type":255,"surface2TypeName":"Missing","surface2Value":0,"gridDefinitionTemplate":0,"gridDefinitionTemplateName":"Latitude_Longitude","numberPoints":150,"shape":6,"shapeName":"Earth spherical with radius of 6,371,229.0 m","gridUnits":"degrees","resolution":48,"winds":"true","scanMode":0,"nx":360,"ny":181,"basicAngle":0,"subDivisions":0,"lo1":55,"la1":2,"lo2":59,"la2":6,"dx":1,"dy":1},
"data":[-4.76,-4.75,-4.73,-4.72,-4.7,-4.68,-4.66,-4.64,-4.61,-4.59,-4.56,-4.53,-4.5,-4.47,-4.44,-4.41,-4.37,-4.34,-4.3,-4.26,-4.22,-4.18,-4.14,-4.09,-4.05,-4,-3.95,-3.9,-3.85,-3.8,-3.75,-3.7,-3.64,-3.59,-3.53,-3.47,-3.41,-3.35,-3.29,-3.23,-3.17,-3.1,-3.04,-2.97,-2.91,-2.84,-2.77,-2.7,-2.63,-2.56,-2.49,-2.42,-2.34,-2.27,-2.19,-2.12,-2.04,-1.97,-1.89,-1.81,-1.73,-1.65,-1.58,-1.5,-1.42,-1.34,-1.25,-1.17,-1.09,-1.01,-0.93,-0.84,-0.76,-0.68,-0.59,-0.51,-0.43,-0.34,-0.26,-0.17,-0.09,-0.01,0.08,0.16,0.25,0.33,0.41,0.5,0.58,0.66,0.75,0.83,0.91,1,1.08,1.16,1.24,1.32,1.4,1.48,1.56,1.64,1.72,1.8,1.88,1.96,2.03,2.11,2.18,2.26,2.33,2.4,2.48,2.55,2.62,2.69,2.76,2.83,2.9,2.96,3.03,3.09,3.16,3.22,3.28,3.34,3.4,3.46,3.52,3.58,3.63,3.69,3.74,3.8,3.85,3.9,3.95,3.99,4.04,4.09,4.13,4.17,4.21,4.25,4.29,4.33,4.37,4.4,4.44,4.47,4.5,4.53,4.56,4.58,4.61,4.63,4.66,4.68,4.7,4.71,4.73,4.75,4.76,4.77,4.78,4.79,4.8,4.81,4.81,4.82,4.82,4.82,4.82,4.82,4.81,4.81,4.8,4.8,4.79,4.78,4.76,4.75,4.73,4.72,4.7,4.68,4.66,4.64,4.61,4.59,4.56,4.53,4.5,4.47,4.44,4.41,4.37,4.34,4.3,4.26,4.22,4.18,4.14,4.09,4.05,4,3.95,3.9,3.85,3.8,3.75,3.7,3.64,3.59,3.53,3.47,3.41,3.35,3.29,3.23,3.17,3.1,3.04,2.97,2.91,2.84,2.77,2.7,2.63,2.56,2.49,2.42,2.34,2.27,2.19,2.12,2.04,1.97,1.89,1.81,1.73,1.65,1.58,1.5,1.42,1.34,1.25,1.17,1.09,1.01,0.93,0.84,0.76,0.68,0.59,0.51,0.43,0.34,0.26,0.17,0.09,0.01,-0.08,-0.16,-0.25,-0.33,-0.41,-0.5,-0.58,-0.66,-0.75,-0.83,-0.91,-1,-1.08,-1.16,-1.24,-1.32,-1.4,-1.48,-1.56,-1.64,-1.72,-1.8,-1.88,-1.96,-2.03,-2.11,-2.18,-2.26,-2.33,-2.4,-2.48,-2.55,-2.62,-2.69,-2.76,-2.83,-2.9,-2.96,-3.03,-3.09,-3.16,-3.22,-3.28,-3.34,-3.4,-3.46,-3.52,-3.58,-3.63,-3.69,-3.74,-3.8,-3.85,-3.9,-3.95,-3.99,-4.04,-4.09,-4.13,-4.17,-4.21,-4.25,-4.29,-4.33,-4.37,-4.4,-4.44,-4.47,-4.5,-4.53,-4.56,-4.58,-4.61,-4.63,-4.66,-4.68,-4.7,-4.71,-4.73,-4.75,-4.76,-4.77,-4.78,-4.79,-4.8,-4.81,-4.81,-4.82,-4.82,-4.82,-4.82,-4.82,-4.81,-4.81,-4.8,-4.8,-4.79,-4.78,-4.72,-4.71,-4.7,-4.69,-4.68,-4.67,-4.66,-4.65,-4.64,-4.62,-4.6,-4.57,-4.55,-4.53,-4.51,-4.49,-4.46,-4.43,-4.4,-4.37,-4.34,-4.3,-4.27,-4.23,-4.18,-4.15,-4.1,-4.05,-4.01,-3.96,-3.91,-3.86,-3.79,-3.74,-3.68,-3.62,-3.56,-3.49,-3.43,-3.36,-3.29,-3.22,-3.14,-3.08,-3,-2.93,-2.85,-2.77,-2.69,-2.61,-2.53,-2.45,-2.37,-2.28,-2.19,-2.11,-2.02,-1.93,-1.84,-1.75,-1.66,-1.57,-1.49,-1.4,-1.31,-1.22,-1.14,-1.05,-0.96,-0.87,-0.79,-0.7,-0.61,-0.53,-0.45,-0.36,-0.28,-0.19,-0.12,-0.04,0.05,0.13,0.2,0.28,0.35,0.42,0.5,0.57,0.64,0.71,0.79,0.85,0.92,0.97,1.04,1.1,1.17,1.23,1.29,1.34,1.4,1.45,1.51,1.56,1.61,1.67,1.72,1.76,1.81,1.86,1.9,1.94,1.99,2.04,2.08,2.12,2.16,2.2,2.24,2.29,2.32,2.36,2.39,2.43,2.47,2.49,2.53,2.57,2.6,2.63,2.65,2.68,2.71,2.74,2.77,2.8,2.83,2.85,2.88,2.91,2.94,2.97,3,3.02,3.04,3.06,3.09,3.11,3.13,3.16,3.18,3.19,3.21,3.23,3.24,3.26,3.28,3.29,3.31,3.32,3.33,3.35,3.36,3.38,3.39,3.41,3.41,3.42,3.43,3.44,3.46,3.47,3.47,3.48,3.48,3.48,3.49,3.49,3.49,3.5,3.5,3.49,3.49,3.49,3.48,3.48,3.48,3.47,3.47,3.46,3.45,3.44,3.42,3.41,3.4,3.39,3.37,3.35,3.33,3.31,3.29,3.27,3.25,3.23,3.2,3.17,3.15,3.12,3.1,3.07,3.04,3,2.97,2.94,2.9,2.87,2.83,2.79,2.75,2.72,2.67,2.63,2.59,2.54,2.5,2.46,2.41,2.36,2.3,2.25,2.2,2.15,2.1,2.04,1.98,1.91,1.85,1.8,1.73,1.67,1.61,1.54,1.46,1.38,1.32,1.24,1.16,1.09,1,0.92,0.83,0.74,0.66,0.58,0.49,0.4,0.3,0.2,0.1,0.01,-0.08,-0.18,-0.28,-0.38,-0.48,-0.59,-0.69,-0.79,-0.89,-0.99,-1.1,-1.2,-1.3,-1.41,-1.51,-1.61,-1.7,-1.81,-1.9,-2,-2.09,-2.19,-2.28,-2.38,-2.46,-2.56,-2.64,-2.72,-2.8,-2.89,-2.96,-3.04,-3.12,-3.19,-3.26,-3.33,-3.4,-3.46,-3.52,-3.59,-3.66,-3.71,-3.76,-3.82,-3.86,-3.91,-3.96,-4.01,-4.05,-4.09,-4.13,-4.17,-4.2,-4.24,-4.27,-4.31,-4.34,-4.36,-4.39,-4.41,-4.43,-4.46,-4.49,-4.5,-4.52,-4.54,-4.55,-4.57,-4.59,-4.6,-4.62,-4.64,-4.65,-4.66,-4.66,-4.67,-4.68,-4.69,-4.7,-4.71,-4.71,-4.72,-4.72,-4.72,-4.73,-4.74,-4.74,-4.74,-4.74,-4.74,-4.75,-4.75,-4.74,-4.74,-4.74,-4.74,-4.73,-4.73,-4.73,-4.72,-5.6,-5.57,-5.54,-5.5,-5.47,-5.42,-5.38,-5.33,-5.29,-5.24,-5.19,-5.13,-5.08,-5.02,-4.97,-4.92,-4.87,-4.82,-4.75,-4.68,-4.62,-4.55,-4.48,-4.4,-4.32,-4.24,-4.16,-4.07,-3.99,-3.9,-3.81,-3.73,-3.63,-3.53,-3.44,-3.35,-3.26,-3.17,-3.07,-2.98,-2.89,-2.81,-2.72,-2.62,-2.54,-2.45,-2.37,-2.28,-2.19,-2.11,-2.02,-1.94,-1.85,-1.77,-1.69,-1.61,-1.52,-1.45,-1.36,-1.28,-1.2,-1.11,-1.04,-0.95,-0.87,-0.79,-0.71,-0.63,-0.55,-0.47,-0.39,-0.32,-0.24,-0.16,-0.08,-0.01,0.06,0.14,0.21,0.27,0.33,0.4,0.46,0.51,0.57,0.62,0.67,0.72,0.75,0.8,0.84,0.88,0.91,0.95,0.99,1.02,1.04,1.07,1.1,1.13,1.16,1.19,1.22,1.24,1.26,1.29,1.31,1.33,1.35,1.36,1.38,1.4,1.41,1.43,1.45,1.46,1.48,1.49,1.51,1.52,1.54,1.55,1.56,1.58,1.59,1.6,1.62,1.63,1.64,1.66,1.67,1.68,1.69,1.71,1.72,1.73,1.74,1.76,1.76,1.77,1.77,1.78,1.79,1.8,1.81,1.82,1.83,1.84,1.85,1.86,1.87,1.88,1.89,1.9,1.9,1.91,1.92,1.93,1.94,1.95,1.96,1.97,1.97,1.98,2,2.01,2.03,2.04,2.05,2.05,2.05,2.05,2.07,2.08,2.1,2.12,2.14,2.17,2.18,2.2,2.23,2.25,2.27,2.29,2.31,2.33,2.35,2.37,2.39,2.41,2.42,2.43,2.44,2.45,2.45,2.46,2.47,2.48,2.48,2.48,2.48,2.48,2.48,2.47,2.46,2.45,2.43,2.42,2.4,2.38,2.36,2.33,2.31,2.28,2.26,2.23,2.21,2.18,2.15,2.11,2.08,2.05,2.02,1.99,1.96,1.93,1.9,1.86,1.83,1.79,1.75,1.72,1.68,1.65,1.61,1.58,1.54,1.49,1.44,1.39,1.34,1.3,1.24,1.19,1.13,1.06,0.99,0.93,0.86,0.78,0.7,0.62,0.54,0.45,0.34,0.25,0.14,0.04,-0.08,-0.2,-0.31,-0.43,-0.56,-0.68,-0.81,-0.94,-1.07,-1.21,-1.34,-1.47,-1.6,-1.73,-1.86,-1.98,-2.11,-2.23,-2.35,-2.46,-2.57,-2.69,-2.8,-2.9,-3.01,-3.11,-3.21,-3.3,-3.39,-3.49,-3.57,-3.66,-3.75,-3.83,-3.91,-3.98,-4.06,-4.14,-4.21,-4.28,-4.35,-4.42,-4.49,-4.55,-4.62,-4.68,-4.74,-4.79,-4.85,-4.91,-4.96,-5.01,-5.06,-5.11,-5.16,-5.2,-5.24,-5.27,-5.31,-5.35,-5.38,-5.41,-5.45,-5.48,-5.5,-5.53,-5.56,-5.58,-5.61,-5.63,-5.65,-5.67,-5.7,-5.71,-5.73,-5.75,-5.77,-5.79,-5.8,-5.82,-5.83,-5.84,-5.85,-5.86,-5.87,-5.88,-5.88,-5.87,-5.87,-5.86,-5.85,-5.84,-5.83,-5.82,-5.8,-5.78,-5.76,-5.74,-5.72,-5.69,-5.66,-5.63,-7.16,-7.17,-7.18,-7.18,-7.18,-7.17,-7.15,-7.13,-7.1,-7.07,-7.02,-6.98,-6.93,-6.86,-6.8,-6.74,-6.65,-6.57,-6.49,-6.41,-6.32,-6.22,-6.13,-6.04,-5.95,-5.85,-5.76,-5.67,-5.58,-5.49,-5.39,-5.3,-5.22,-5.13,-5.03,-4.93,-4.84,-4.74,-4.64,-4.54,-4.42,-4.31,-4.19,-4.07,-3.95,-3.82,-3.68,-3.55,-3.41,-3.27,-3.12,-2.97,-2.82,-2.67,-2.53,-2.37,-2.22,-2.07,-1.92,-1.77,-1.62,-1.48,-1.33,-1.19,-1.04,-0.91,-0.77,-0.64,-0.5,-0.37,-0.25,-0.12,-0.01,0.1,0.21,0.31,0.41,0.5,0.58,0.66,0.73,0.8,0.84,0.89,0.94,0.98,1.01,1.04,1.06,1.08,1.1,1.11,1.12,1.14,1.15,1.16,1.17,1.19,1.21,1.22,1.24,1.26,1.28,1.3,1.33,1.35,1.37,1.39,1.41,1.42,1.42,1.44,1.44,1.44,1.45,1.44,1.44,1.44,1.43,1.43,1.42,1.42,1.41,1.41,1.4,1.4,1.4,1.4,1.4,1.4,1.4,1.39,1.39,1.39,1.38,1.38,1.38,1.37,1.37,1.37,1.36,1.36,1.35,1.35,1.34,1.33],
"meta":{"date":"2014-01-31T03:00:00.000Z"}
}]
