testU.asc
ncols        16
nrows        16
xllcorner    2.5
yllcorner    56.5
cellsize     0.5
NODATA_value  -9999
10.592119 11.052119 10.942119 10.962119 11.272119 11.412119 11.622119 11.302119 10.842119 10.532119 9.712119 9.422119 7.122119 6.702119 6.792119 7.022119
5.362119 5.192119 6.502119 7.962119 9.022119 9.022119 8.432119 8.592119 8.642119 8.6021185 8.702119 8.952119 7.412119 8.062119 7.0721188 7.302119
1.7221191 1.8221191 2.552119 3.252119 3.9021192 4.212119 4.522119 5.152119 5.982119 6.582119 7.312119 8.122119 8.752119 9.562119 10.482119 8.512119
5.212119 4.812119 4.902119 4.972119 5.182119 4.872119 4.832119 5.202119 6.172119 7.012119 6.372119 8.592119 9.822119 10.222119 10.442119 10.982119
7.392119 7.242119 7.242119 7.092119 7.052119 6.942119 6.322119 4.182119 4.092119 5.482119 6.502119 4.952119 4.392119 6.712119 9.732119 10.882119
9.042119 8.792119 8.452119 8.172119 8.282119 7.852119 6.632119 4.582119 6.072119 10.292119 11.422119 10.1021185 7.002119 4.242119 4.362119 8.392119
9.552119 9.232119 8.882119 8.662119 8.412119 7.892119 3.492119 3.4021192 4.132119 8.842119 10.082119 5.212119 4.432119 2.002119 2.852119 3.482119
9.572119 9.412119 9.292119 8.792119 8.532119 7.5921187 4.542119 1.6921191 3.242119 4.602119 3.6521192 4.982119 4.432119 2.552119 1.3221191 1.4821191
9.802119 9.122119 9.122119 9.332119 9.222119 8.062119 2.8921192 2.512119 3.782119 1.9921191 2.062119 2.562119 3.802119 3.882119 2.572119 0.8921191
9.662119 9.3521185 8.972119 9.182119 8.872119 6.392119 4.3021193 2.822119 2.802119 2.1421192 1.2021191 0.99211913 1.6921191 1.3221191 2.1521192 1.632119
9.512119 9.312119 9.082119 8.802119 8.482119 7.952119 1.892119 0.98211914 1.2521191 1.3621191 0.85211915 1.6721191 1.6521192 2.462119 1.3221191 0.26211914
10.132119 9.952119 9.782119 9.442119 9.312119 8.872119 2.312119 -0.36788085 -0.48788086 0.5621191 0.062119137 -0.17788085 1.4521191 1.2521191 1.5621191 1.2221191
10.322119 10.442119 10.472119 10.412119 10.412119 10.342119 11.132119 4.592119 0.35211912 0.80211914 -0.51788086 -0.39788085 0.14211914 1.0121192 1.762119 1.0721191
9.952119 10.022119 10.312119 10.502119 10.512119 10.782119 10.622119 10.692119 9.322119 3.362119 1.3721191 -0.30788085 -0.48788086 0.6321191 0.47211912 -0.25788087
10.192119 10.072119 9.802119 10.022119 10.242119 10.492119 10.322119 10.242119 10.172119 10.392118 10.052119 7.982119 5.242119 4.042119 1.9121192 0.5221191
10.042119 9.982119 9.942119 9.572119 9.3521185 9.592119 9.862119 9.912119 9.202119 8.772119 8.612119 8.832119 9.332119 9.772119 9.592119 7.262119
